10	161
285	113
989	26
150	135
825	111
811	43
708	164
787	65
924	106
218	54
836	7
65	110
939	111
44	67
3	168
495	58
687	195
412	16
874	196
733	188
217	61
853	185
996	158
8	21
495	90
833	97
515	31
917	54
521	77
627	9
210	60
830	102
932	152
374	153
497	64
383	84
397	187
449	100
344	145
814	166
349	71
500	72
269	69
113	21
851	43
778	90
844	85
231	194
658	188
603	80
386	157
849	36
765	170
100	112
752	58
414	116
0	2
557	12
427	10
471	50
460	50
22	20
317	23
490	164
830	151
993	17
933	115
707	39
909	143
335	114
884	52
697	42
872	195
764	16
864	116
676	1
83	138
527	56
546	18
773	24
494	70
133	10
76	171
755	110
953	148
255	91
69	148
939	74
952	137
158	132
315	23
293	123
628	130
276	55
583	136
952	88
54	107
788	144
235	77
641	181
143	46
329	95
547	115
750	158
695	160
165	92
932	192
29	67
391	62
483	170
480	187
174	159
803	144
630	198
497	78
760	41
693	72
433	66
964	15
275	158
173	162
948	102
93	9
248	155
522	69
263	196
414	179
695	149
698	37
219	159
48	140
383	128
867	41
152	105
121	185
644	9
487	175
21	72
466	139
730	100
741	112
552	170
61	39
946	169
391	101
236	182
862	25
54	166
331	8
314	198
973	81
674	123
410	186
102	104
313	122
686	166
302	166
273	20
214	174
864	47
505	60
961	1
630	16
218	63
735	174
792	187
872	162
814	45
297	7
219	26
52	29
22	187
213	48
760	59
659	80
463	116
165	44
10	187
950	95
117	50
556	43
546	195
66	31
352	151
237	192
69	180
66	159
849	37
696	100
420	138
294	15
665	39
774	27
312	59
757	168
922	70
193	28
914	98
447	25
860	8
454	12
622	54
766	192
245	142
907	122
658	37
502	103
370	86
43	126
342	45
11	139
124	25
303	113
159	45
545	50
897	177
965	68
977	170
895	191
273	49
903	155
44	120
775	104
782	70
267	148
602	94
630	41
171	61
392	153
260	38
780	70
958	63
477	167
472	18
90	50
238	44
852	112
730	28
583	22
987	117
857	179
351	134
674	7
353	117
659	37
962	145
954	49
675	25
547	38
36	40
694	199
201	12
506	59
122	30
498	175
775	105
114	32
593	183
782	98
946	111
85	94
61	183
2	134
265	125
980	102
800	69
812	150
745	164
909	150
797	18
565	103
717	134
261	143
298	108
852	179
590	182
774	149
956	32
986	99
235	135
485	93
948	11
622	101
983	194
371	8
672	157
927	133
490	62
719	111
892	38
982	45
938	185
542	31
439	16
344	29
326	192
578	128
829	183
935	188
825	100
678	156
424	180
691	194
452	78
637	99
986	23
649	198
535	29
762	127
739	118
387	61
717	99
734	25
310	96
3	184
487	53
559	102
159	142
57	79
466	138
668	73
355	145
146	68
958	73
450	198
816	58
44	172
476	80
792	73
384	92
581	50
255	107
405	69
330	10
685	158
978	37
0	101
172	76
266	98
207	161
610	25
908	16
862	18
258	187
609	53
24	27
235	137
501	171
230	177
904	115
320	143
339	145
634	95
490	92
237	60
339	119
822	126
321	0
253	21
254	150
960	107
294	10
900	36
939	24
890	77
786	53
663	102
383	179
908	7
970	131
907	39
355	97
85	104
473	76
986	108
395	83
694	59
701	186
695	80
143	182
548	32
484	24
491	118
250	39
283	73
867	103
176	54
343	156
904	65
191	33
942	100
800	39
137	181
803	171
975	94
309	12
389	49
30	40
35	10
462	83
363	108
258	52
685	136
859	112
636	65
254	113
104	151
476	12
745	18
67	139
647	197
266	105
589	62
146	165
595	89
248	54
181	52
524	165
746	54
570	30
77	23
184	178
808	34
270	194
7	52
972	156
727	50
738	83
524	165
667	17
416	176
122	67
721	163
84	34
531	91
139	161
305	77
295	139
240	83
65	76
598	27
369	166
149	164
862	75
245	92
208	114
810	63
702	29
700	61
372	163
500	67
363	138
769	191
982	23
181	178
235	3
783	116
86	26
824	42
943	27
187	150
81	73
527	28
792	125
596	27
72	134
94	22
560	14
632	12
267	97
5	187
344	180
73	141
784	191
953	187
472	73
136	3
467	58
379	1
703	142
925	140
599	10
664	133
211	157
358	177
595	46
927	51
95	124
121	42
63	51
584	148
389	149
447	102
834	77
108	170
827	52
769	83
830	3
656	98
840	187
558	73
874	188
500	125
527	168
884	198
821	115
421	26
591	60
508	168
606	129
512	53
468	41
558	174
83	178
47	157
160	174
78	38
772	153
359	165
475	17
19	197
858	46
884	19
699	198
457	126
79	5
815	4
913	182
92	75
354	17
30	168
454	73
337	27
260	4
224	167
259	150
542	55
732	147
422	29
70	105
146	83
597	131
292	183
755	174
826	123
792	28
946	139
218	20
926	110
404	7
140	56
642	77
727	85
869	97
65	109
59	96
359	163
962	72
136	165
475	112
394	137
436	6
470	194
43	71
438	36
413	60
981	25
26	38
263	18
914	134
244	166
531	119
276	192
111	74
584	6
260	122
388	53
192	144
49	7
758	198
568	38
931	159
191	119
903	163
653	173
344	94
839	109
624	75
191	25
31	66
289	154
83	38
388	26
68	191
579	77
816	122
451	89
578	125
784	81
559	73
873	74
318	93
498	55
764	184
475	129
925	105
940	14
27	131
239	169
654	64
348	50
929	16
248	11
748	177
593	34
17	132
269	123
788	65
193	175
924	1
793	19
638	75
135	164
859	86
580	152
852	108
212	97
961	35
996	31
653	152
764	22
244	157
715	118
854	144
26	198
139	85
573	137
322	36
504	13
856	38
620	45
859	7
38	142
59	118
689	189
613	182
502	199
597	166
15	24
368	103
298	161
270	112
714	186
352	21
80	118
881	42
169	10
401	144
383	136
48	23
627	196
604	12
72	67
525	186
556	191
796	37
806	9
12	43
562	111
503	82
921	148
706	9
917	53
208	10
430	183
63	18
2	139
50	176
45	165
518	107
211	25
319	99
414	49
162	143
117	130
360	191
982	95
591	82
959	11
752	68
172	115
438	29
741	39
868	21
792	4
310	183
492	107
193	87
856	47
128	44
503	20
993	186
239	139
104	66
577	1
223	57
850	121
846	25
594	60
760	175
235	62
325	188
955	163
352	76
797	183
693	63
684	45
874	168
58	162
201	107
263	113
765	159
632	21
685	63
480	164
758	75
840	16
380	22
853	83
269	105
144	47
29	170
429	143
45	152
820	111
548	20
5	156
955	7
552	190
716	179
72	20
21	137
870	33
635	161
38	194
58	114
604	96
957	3
528	152
538	162
791	9
99	71
809	52
534	143
693	140
948	129
641	159
872	180
875	112
793	166
114	175
834	128
494	151
462	134
256	99
45	178
244	24
917	1
478	81
392	130
621	139
782	182
148	184
99	97
445	65
549	33
843	29
317	89
801	147
455	188
92	127
834	140
833	176
255	113
645	175
793	116
70	92
391	159
581	26
496	183
204	163
291	198
796	105
688	148
490	138
784	6
683	80
923	186
213	105
875	191
46	63
864	38
878	63
366	127
549	48
655	99
56	19
51	193
256	161
700	197
66	144
499	66
60	134
491	160
915	85
628	88
50	68
320	85
169	54
595	141
122	10
13	103
685	131
706	147
374	93
28	51
382	57
365	147
104	79
555	152
463	82
277	152
440	148
450	11
789	31
407	33
921	67
145	120
303	64
423	145
570	97
881	89
699	186
622	45
261	53
885	101
752	73
573	102
435	192
345	92
992	199
959	54
459	34
308	63
642	97
366	25
186	92
855	138
995	60
0	142
511	123
173	39
664	8
578	162
977	167
382	135
371	126
869	170
734	88
234	10
204	105
641	40
391	189
39	4
526	83
981	19
578	117
452	193
947	23
243	36
252	109
955	145
45	123
111	197
67	127
175	22
760	99
502	155
335	13
376	63
634	28
311	126
401	105
766	129
331	101
233	141
471	172
455	29
95	66
145	198
193	180
196	19
93	15
793	7
547	68
264	95
808	195
765	99
849	136
88	151
903	192
1	84
899	117
502	157
244	77
312	120
603	58
722	103
999	155
655	103
597	162
417	165
990	7
156	123
684	14
491	151
727	170
113	189
132	64
429	176
797	44
465	91
136	68
326	129
532	70
473	82
991	72
967	164
142	62
601	150
780	135
562	103
721	48
823	80
627	80
8	68
820	1
861	157
818	165
778	129
499	102
79	10
329	67
824	193
46	36
33	168
586	167
78	15
772	45
901	109
479	27
438	59
580	152
298	75
951	163
339	184
213	174
198	142
708	78
282	195
372	32
961	115
845	182
917	124
113	96
705	33
447	58
570	181
225	150
503	155
458	188
301	148
484	23
151	122
372	113
872	43
982	181
486	46
558	39
234	144
945	15
506	145
240	158
395	85
723	18
768	153
471	190
785	22
870	95
806	36
