311	267
237	157
247	191
282	304
99	36
438	330
153	224
33	107
17	283
385	190
21	260
418	17
87	194
390	345
85	156
388	244
480	338
335	177
43	331
257	42
89	195
27	2
98	104
232	219
132	192
201	247
294	66
24	80
445	48
223	16
88	188
434	231
251	178
174	300
280	230
395	322
286	182
128	373
474	345
82	176
318	156
39	60
443	252
358	372
213	257
323	204
335	273
395	122
312	45
284	217
327	399
489	326
34	56
210	51
425	90
174	231
211	114
74	64
260	370
388	189
331	238
375	327
331	316
46	326
435	55
326	234
295	116
39	237
97	371
180	176
8	176
245	101
489	219
129	329
157	274
331	132
196	25
337	123
451	20
187	180
51	22
280	42
450	27
0	172
392	342
209	320
254	65
87	220
261	127
163	382
382	178
228	93
207	279
87	194
305	59
365	258
453	194
240	384
236	50
169	15
343	110
200	79
358	65
90	304
85	393
389	327
364	5
132	132
435	10
196	255
246	161
225	381
120	100
349	31
432	177
188	149
368	303
366	371
482	64
401	5
102	352
15	66
179	38
433	265
422	383
325	275
485	77
489	119
174	281
344	46
434	172
177	294
485	104
444	29
199	351
212	67
304	112
106	221
143	75
295	346
95	240
244	126
344	267
49	210
451	136
244	163
157	176
491	34
44	215
28	99
50	145
175	392
425	246
82	352
27	277
232	49
317	108
485	127
128	268
197	56
205	256
145	50
65	211
98	255
88	320
28	236
229	225
434	191
447	377
324	78
403	124
295	152
55	319
107	92
127	378
476	140
436	69
152	284
326	176
89	273
333	251
253	398
399	51
296	243
247	269
425	303
106	263
397	323
177	21
98	73
233	229
149	131
340	376
434	221
95	357
307	274
277	50
124	242
122	195
11	59
361	219
48	128
333	66
252	197
369	293
394	7
193	266
307	293
385	390
398	367
413	20
107	242
431	137
7	222
424	68
187	333
365	343
419	279
355	72
447	164
185	160
31	260
485	121
87	190
15	76
493	45
242	120
230	194
183	371
170	380
480	146
331	303
401	368
444	223
362	150
134	252
212	308
408	278
309	294
28	300
474	194
141	374
115	100
318	112
272	18
373	47
425	295
7	11
304	317
450	193
428	143
349	307
372	97
192	125
218	327
42	119
259	34
290	129
422	392
40	380
404	210
69	37
290	203
124	259
378	106
47	104
105	224
458	281
336	276
338	135
361	283
15	369
198	55
88	121
308	223
349	312
479	118
249	138
62	302
352	269
275	26
124	177
141	147
224	211
74	198
233	255
361	321
34	109
150	229
190	63
206	312
365	388
453	7
393	316
372	397
157	238
16	138
461	60
320	197
499	303
23	334
472	290
309	374
235	341
330	77
186	340
495	74
380	187
319	6
57	4
306	393
464	0
126	159
469	46
432	246
47	317
384	89
251	251
392	325
278	119
266	9
153	283
273	123
489	22
215	173
84	301
338	321
444	182
400	251
60	394
362	101
485	249
39	113
394	399
140	286
449	358
368	364
334	138
267	74
349	267
156	255
439	266
394	68
429	261
294	314
135	355
310	359
353	315
102	318
494	190
297	173
384	140
137	149
440	336
360	43
56	399
394	358
164	116
38	398
446	326
435	173
197	83
132	154
307	233
85	392
189	125
322	184
419	323
489	280
80	64
248	249
156	124
401	106
467	118
281	86
382	135
262	268
99	266
308	218
438	205
195	15
60	89
14	175
64	51
204	117
315	338
219	319
272	213
474	310
430	390
19	341
273	269
293	42
403	239
35	23
218	6
253	368
149	202
256	338
106	161
7	111
330	370
56	286
364	236
471	330
342	391
93	131
211	195
9	35
372	210
440	238
65	159
242	156
107	163
393	378
331	291
265	134
247	42
68	94
108	394
166	341
161	119
476	16
390	25
372	66
90	377
428	83
39	25
475	113
469	296
228	388
376	86
319	328
44	73
248	0
404	252
236	93
97	210
83	69
260	368
462	330
196	149
147	376
162	383
392	26
47	294
147	228
204	112
431	37
116	294
45	271
6	373
364	183
321	128
206	305
319	294
244	182
255	270
79	287
359	112
480	240
457	67
366	203
203	58
364	50
445	15
279	194
278	51
476	214
302	65
79	11
28	192
454	231
248	236
258	191
30	179
317	81
259	288
305	236
413	249
81	142
413	100
160	371
78	344
96	260
263	133
59	367
342	322
114	124
185	219
114	219
241	118
246	364
236	235
88	349
372	51
73	307
220	332
453	324
261	7
332	31
268	66
441	380
379	283
173	41
349	283
438	111
45	212
165	11
284	140
165	36
98	379
312	106
446	89
249	198
313	326
481	139
430	206
393	104
203	162
267	282
157	110
476	366
424	183
452	364
443	35
61	144
181	310
324	99
223	311
377	159
105	51
262	261
247	209
14	371
240	198
114	154
159	18
144	295
359	367
9	1
33	297
247	49
15	184
394	191
41	372
428	301
277	26
177	204
59	233
26	217
312	137
23	165
143	80
373	173
25	203
432	48
435	290
146	129
144	18
391	64
177	253
413	245
242	330
491	267
136	239
79	11
305	294
37	311
386	150
75	291
106	14
307	396
486	318
248	347
240	12
222	125
245	8
43	39
318	302
339	109
384	182
191	277
450	305
194	65
12	377
234	108
244	90
130	13
496	64
361	123
198	356
404	136
379	139
132	365
485	277
464	114
182	311
307	226
241	393
417	68
487	232
127	303
103	270
351	160
400	339
490	313
368	342
271	363
32	64
127	38
267	223
69	49
339	362
487	380
469	319
31	317
234	24
163	126
66	31
47	106
30	128
327	89
401	367
297	9
405	288
265	6
236	67
304	236
183	53
214	100
388	44
398	57
372	123
349	53
54	262
218	142
9	135
381	308
222	46
47	154
2	277
351	258
145	134
370	14
264	84
333	13
498	88
183	166
83	280
387	132
465	357
203	293
275	27
223	198
137	18
260	399
307	24
161	19
185	80
258	300
194	27
110	139
462	385
244	48
104	249
389	41
252	190
230	336
228	182
361	128
51	252
42	0
87	121
477	56
363	320
99	258
103	328
421	117
141	45
144	222
341	105
217	38
106	203
83	314
0	334
239	88
321	60
199	310
322	333
235	280
13	367
155	61
226	396
58	334
260	7
295	211
108	268
453	11
285	387
400	346
355	319
359	268
234	202
185	118
254	264
311	244
425	63
421	158
110	3
170	349
189	203
213	131
498	21
493	233
49	167
91	149
209	119
30	130
100	295
181	290
71	131
423	153
99	111
360	234
451	380
321	223
363	14
419	380
368	131
259	210
235	384
388	246
276	10
244	388
486	321
296	105
207	34
159	357
132	310
260	278
53	210
178	342
315	24
441	230
458	372
45	39
450	177
9	83
344	8
170	286
57	236
393	99
267	125
136	157
219	288
221	149
408	125
319	151
338	287
465	114
133	344
484	253
387	371
458	244
168	211
282	171
58	76
41	199
89	80
275	309
287	333
255	33
414	102
174	171
279	276
88	17
243	393
138	178
270	154
442	363
492	49
103	176
412	169
92	369
413	271
212	23
251	330
28	217
202	160
81	137
442	147
216	362
121	233
221	384
425	263
422	342
198	27
83	189
443	239
383	143
190	235
320	64
395	391
211	146
98	352
475	15
134	96
73	205
192	66
433	33
470	269
277	64
80	371
95	338
229	217
60	268
7	44
370	357
377	390
466	393
208	64
198	334
323	217
343	321
221	203
434	339
139	356
102	4
234	175
59	362
76	348
33	44
143	179
308	89
366	394
53	318
127	210
436	215
428	58
431	393
169	385
434	110
220	10
132	351
86	246
190	292
117	201
53	361
246	295
162	307
289	0
64	236
275	326
277	292
228	284
357	303
195	4
408	209
129	396
280	213
39	50
375	25
39	173
411	39
135	99
68	224
222	164
279	83
353	168
402	144
404	30
264	321
262	20
443	100
101	45
314	141
240	357
165	201
431	303
263	272
229	315
428	20
389	338
150	174
430	207
392	219
199	362
62	195
384	189
202	103
8	236
148	335
483	387
404	384
263	375
88	358
103	156
188	142
297	100
412	76
153	223
166	263
207	236
192	339
488	376
16	144
305	80
267	166
225	255
476	135
481	130
260	349
160	97
246	308
492	88
308	365
79	4
40	246
284	154
11	323
407	382
104	209
100	104
266	183
238	319
178	188
235	372
250	182
441	343
476	210
440	236
455	95
138	138
416	188
86	323
311	264
496	260
412	93
343	329
28	235
380	223
218	130
228	175
454	125
48	201
389	311
32	104
323	360
212	112
92	88
234	115
454	313
370	338
84	56
151	60
13	79
488	45
341	180
194	196
143	111
203	351
408	353
219	111
344	359
352	105
194	349
97	22
141	246
272	139
49	370
245	167
182	98
406	340
74	258
493	79
42	380
417	14
275	354
263	70
143	364
105	86
246	306
208	116
296	354
63	202
244	178
26	264
39	114
127	288
104	369
340	363
31	220
304	228
81	116
124	221
399	377
478	209
345	54
303	207
83	30
338	4
454	37
264	0
308	305
69	340
271	279
155	94
467	4
2	13
420	18
463	364
325	102
23	106
482	372
478	101
46	62
166	379
277	178
416	34
220	215
466	162
198	89
36	130
146	130
227	245
171	328
272	292
279	204
41	288
471	353
484	361
371	218
458	37
220	52
77	325
440	273
398	281
32	114
360	148
366	61
456	26
397	196
135	323
494	78
423	36
14	329
131	358
275	139
453	189
414	386
39	110
110	204
432	230
324	60
9	157
143	263
222	356
381	362
106	335
436	109
106	197
386	98
333	38
23	329
340	64
457	133
492	392
17	345
396	398
26	300
219	102
26	247
52	300
278	356
214	99
290	40
159	86
244	53
268	174
65	40
493	134
381	326
341	118
394	260
275	370
112	53
56	374
54	308
11	62
396	199
100	113
64	234
490	71
66	7
165	327
298	67
341	228
245	25
150	66
335	254
236	176
328	57
14	18
334	160
388	155
99	207
267	131
326	241
183	280
211	119
216	101
462	32
356	160
351	376
207	29
344	186
270	35
66	150
243	241
238	82
491	272
338	90
466	201
58	258
457	186
105	325
116	108
146	179
168	43
87	356
224	93
2	385
468	203
364	145
398	19
234	154
85	255
306	159
198	196
141	300
250	312
51	260
223	218
434	58
311	317
395	230
154	26
266	265
418	117
26	9
114	208
336	395
437	368
216	221
349	249
462	259
427	22
168	88
347	324
163	119
82	263
364	302
130	357
389	239
223	41
373	135
104	151
180	207
499	65
209	186
447	83
148	70
118	215
446	230
163	394
317	199
36	226
441	164
41	363
461	130
152	10
115	125
388	383
226	310
206	64
380	369
39	46
424	377
175	125
440	387
248	235
41	111
100	338
284	52
221	147
86	92
411	81
351	64
141	246
85	383
413	115
436	288
200	246
94	94
255	216
75	270
244	148
275	337
315	136
221	294
270	29
171	19
39	271
193	294
167	391
471	6
438	72
475	372
167	180
151	75
35	373
85	26
143	86
25	11
201	283
343	67
498	19
352	263
431	210
11	99
3	187
277	94
249	264
389	155
88	73
9	72
40	204
72	365
204	115
248	216
246	390
225	242
490	209
36	44
483	82
312	74
137	34
278	41
262	363
395	187
412	304
359	204
106	233
195	388
487	168
366	169
25	137
267	344
307	54
71	369
368	73
233	205
368	165
454	159
269	358
190	28
389	145
158	120
465	394
478	311
18	307
408	309
438	89
158	397
299	151
46	247
428	315
168	46
271	360
447	214
495	27
232	355
204	192
228	264
452	228
246	296
76	279
271	291
80	224
474	79
49	128
204	197
200	134
17	198
304	148
132	72
274	101
142	361
233	100
498	37
341	381
190	175
103	375
111	273
223	149
391	375
446	222
495	269
61	193
56	281
31	321
325	30
352	340
235	60
424	11
354	66
305	196
48	77
245	387
357	305
442	221
26	127
374	167
241	156
0	339
438	216
471	138
104	62
314	106
177	286
305	95
129	163
499	211
419	358
15	271
349	219
350	369
410	288
36	174
433	209
15	351
318	399
74	236
263	357
140	226
259	396
113	175
205	195
271	355
200	24
77	96
106	18
463	214
77	270
393	15
154	149
138	381
99	378
323	36
388	356
383	168
310	73
50	268
248	244
495	242
142	60
160	112
208	368
194	90
279	0
236	208
121	286
75	303
304	32
454	53
60	294
470	113
219	26
168	11
68	74
31	366
43	56
98	102
318	384
467	165
331	72
376	95
355	29
486	357
79	46
312	305
182	39
131	321
94	394
371	202
99	294
310	201
52	137
489	43
315	321
457	60
80	394
470	32
480	103
376	298
315	87
323	16
427	31
453	206
42	46
50	24
10	24
43	393
113	185
487	62
62	363
457	172
494	147
457	69
141	64
120	238
395	286
94	231
320	321
59	302
71	385
337	386
432	257
55	255
17	369
208	97
293	313
370	294
380	230
131	330
49	310
109	390
68	9
138	120
434	111
408	339
123	47
486	152
324	127
248	166
94	173
276	52
129	183
321	335
227	220
335	303
153	199
23	122
448	337
226	188
220	195
228	211
227	107
383	78
450	70
177	64
25	321
477	59
217	82
401	340
172	214
277	217
435	263
226	294
138	243
361	380
461	295
63	246
278	178
173	39
489	290
271	45
273	1
54	32
490	207
30	212
97	389
479	129
330	121
290	108
479	67
376	296
342	103
459	378
444	214
17	368
266	126
157	253
147	201
115	129
63	130
451	335
337	252
341	306
269	92
140	51
420	295
162	291
158	21
259	218
193	9
477	87
115	309
126	82
488	326
171	107
242	190
343	290
33	389
334	109
355	116
328	147
20	36
18	288
137	397
38	23
451	6
18	40
355	134
215	268
480	131
301	383
165	181
64	77
91	320
325	172
154	359
428	293
74	398
125	288
393	69
151	169
381	191
142	126
403	324
417	284
87	146
437	391
67	144
12	239
279	51
16	293
117	337
61	312
353	364
145	171
2	200
416	318
284	301
143	234
6	387
15	239
109	202
280	238
166	52
123	79
443	124
14	210
125	122
37	99
486	371
449	14
206	223
414	295
134	122
489	73
97	90
42	73
377	61
332	67
181	2
481	382
346	170
24	88
158	63
133	260
454	386
464	88
235	273
417	250
229	293
328	309
278	218
365	48
55	140
64	311
469	107
61	236
143	361
171	300
95	197
484	66
215	83
151	177
263	133
444	139
475	6
120	196
432	237
396	150
81	338
201	53
290	79
94	351
465	161
438	114
129	164
111	291
454	320
102	180
483	272
436	84
285	13
393	108
450	65
424	382
227	167
137	284
196	124
58	85
140	381
241	70
314	23
63	164
451	315
269	19
309	180
63	53
115	119
123	174
94	329
76	360
286	173
467	61
43	332
294	155
39	128
121	70
240	362
190	11
88	127
311	49
202	14
147	25
112	395
243	214
476	336
401	206
381	267
155	366
134	159
246	270
34	255
61	356
320	120
42	3
464	26
69	369
122	332
220	263
400	69
272	164
169	131
81	350
401	150
322	63
481	27
329	39
100	120
429	196
217	93
391	199
150	376
167	223
104	338
200	82
482	137
74	219
438	268
261	219
66	241
154	356
195	204
415	3
25	31
52	268
389	156
374	295
58	8
240	315
462	215
196	324
270	58
234	258
97	69
16	235
108	306
442	150
497	199
454	347
258	200
405	338
255	171
269	265
444	302
278	13
112	370
432	326
238	163
71	184
497	392
427	315
85	180
247	304
363	251
210	127
372	199
432	250
495	207
392	312
27	156
106	261
29	369
306	190
207	149
267	351
126	93
297	59
314	197
183	396
284	115
133	185
158	104
489	204
467	49
115	112
240	272
482	182
317	381
63	358
244	86
119	102
350	193
483	253
438	118
333	375
153	357
341	177
342	154
414	343
255	19
18	157
105	326
324	191
416	313
102	76
194	321
427	399
264	139
353	58
107	154
285	323
288	137
245	86
429	101
220	33
339	284
157	4
226	249
55	2
425	253
403	370
337	272
498	158
179	174
377	312
287	99
295	310
59	305
281	246
166	259
412	48
390	273
465	218
420	0
86	333
56	208
78	314
163	139
273	283
231	195
329	121
205	149
76	358
164	183
283	266
139	261
435	53
188	194
268	21
459	249
410	319
212	343
54	204
282	299
90	197
109	321
126	357
399	238
208	91
10	64
470	44
488	306
239	188
172	245
437	235
447	346
329	218
185	120
371	24
449	11
63	74
417	357
287	54
414	258
178	100
229	191
62	94
250	115
476	349
106	329
161	328
320	7
304	217
483	339
113	19
224	221
85	378
155	158
17	102
105	388
39	200
320	255
21	362
324	379
317	371
380	270
338	362
464	284
429	145
284	78
463	169
246	56
464	291
328	97
414	244
78	322
203	183
412	180
417	350
68	316
394	317
422	126
101	235
469	242
35	77
14	129
377	152
143	233
177	247
180	20
309	171
249	194
350	284
149	214
420	133
10	117
374	52
253	204
467	229
499	143
411	244
43	142
389	223
57	159
251	168
47	323
221	318
32	9
464	133
209	315
412	287
197	303
149	135
149	375
104	57
294	314
155	242
16	261
41	179
304	331
273	191
345	306
441	359
147	363
2	217
444	49
232	299
158	375
153	396
443	286
230	5
290	131
150	337
304	65
435	32
149	41
14	311
178	244
247	207
58	79
173	236
139	168
38	297
495	364
313	222
440	80
137	181
368	290
163	77
81	6
409	379
214	375
194	104
67	347
230	301
34	324
359	363
404	308
300	66
106	88
110	139
467	2
335	258
231	391
72	200
23	150
344	74
5	117
357	168
310	228
263	10
334	45
146	200
190	378
416	170
23	99
277	297
40	123
327	125
399	206
214	237
138	217
89	396
70	150
379	50
465	65
77	125
20	289
490	238
425	42
451	374
377	335
119	253
161	146
3	224
332	265
360	227
217	119
18	123
277	359
102	284
458	268
476	255
390	235
5	214
280	318
5	161
499	78
451	50
240	126
162	3
184	128
319	122
