408	998
203	1255
219	1080
86	806
318	603
168	1307
43	796
373	1427
57	654
201	890
126	1495
175	1017
135	705
163	649
169	1404
158	736
420	1430
222	1290
242	1403
495	921
29	615
229	902
61	1141
383	533
204	891
303	614
253	1275
467	988
329	782
192	1464
66	1044
53	865
351	910
85	648
104	618
99	1277
18	1426
181	518
322	948
95	920
455	1011
454	997
95	1062
99	1071
221	1024
162	1285
336	1024
269	1043
135	626
286	1015
250	997
407	889
263	973
207	1253
438	1135
125	1353
92	789
46	971
181	1252
383	1349
49	930
234	909
379	1476
252	1485
125	744
486	955
222	1340
425	1401
22	1326
483	1445
311	1031
61	940
336	991
206	1024
69	739
238	1422
433	556
464	964
399	1319
363	544
288	1250
310	1084
182	731
35	669
194	1347
139	666
324	946
494	530
359	850
416	1009
193	1295
387	608
46	799
76	524
409	1456
220	725
37	1052
278	501
75	540
4	591
303	603
340	955
149	984
191	1356
425	787
251	1189
324	1201
171	1408
413	935
355	969
351	1210
179	963
180	1329
363	1461
400	679
111	1193
101	525
0	1314
184	1113
371	932
157	1387
244	543
170	1129
499	1206
325	1404
177	1105
345	1024
431	1137
497	1128
158	1305
123	1107
407	962
308	821
114	1442
116	1484
127	1198
418	623
381	1317
86	1264
409	1235
390	846
146	522
62	1398
228	848
442	1215
191	634
202	587
98	1425
461	1136
218	727
103	994
458	916
332	1326
210	825
419	695
272	779
201	1389
374	1213
227	1082
232	1430
469	1170
346	737
241	686
44	988
407	963
472	1483
88	1109
435	1315
424	912
90	500
478	1034
102	634
131	1182
374	1439
235	521
493	1228
485	738
419	1267
273	1035
399	1014
401	806
372	1442
233	925
485	986
376	1357
49	1198
122	1305
2	816
254	1186
83	838
407	545
46	1118
425	1429
295	1171
164	830
361	1161
348	589
83	1491
483	1491
308	1029
427	1415
279	748
479	1067
237	516
392	1204
9	793
358	1313
137	1272
456	1362
251	862
141	591
57	959
153	1317
399	665
250	1372
410	1445
377	1098
252	755
289	798
423	1313
281	1171
2	1047
497	502
76	1185
301	1369
388	648
449	1160
47	647
210	990
326	1379
223	1472
269	789
235	1393
457	650
372	524
347	629
374	690
153	564
154	755
205	940
191	1341
177	1409
128	965
458	1255
6	759
294	925
307	1093
122	1055
476	1243
270	994
216	697
413	1434
251	817
314	646
323	1367
7	734
444	825
145	524
422	518
238	938
355	1345
490	1206
180	1262
375	833
435	765
443	1028
200	1327
210	1212
174	1099
246	1296
41	1235
325	643
166	877
174	1047
304	1172
38	557
258	691
318	729
485	1289
145	693
318	725
219	1474
432	1363
202	1162
254	856
392	834
380	1041
212	648
74	1156
427	1133
134	1126
217	513
383	881
480	841
133	593
419	839
344	1264
73	591
220	1317
53	657
243	722
269	757
78	704
410	899
452	1276
408	718
438	680
479	832
174	1294
194	1221
248	763
343	1003
6	868
79	1473
159	1154
67	957
459	1429
498	859
283	1064
448	1242
226	1403
134	1441
314	739
120	1493
84	1022
18	617
220	878
133	587
463	595
399	599
353	1409
257	1159
330	842
445	590
425	831
367	986
167	1103
442	824
456	571
419	1016
433	526
317	836
397	1075
118	1060
53	546
401	640
256	580
41	1413
64	1247
493	676
219	772
70	924
214	1443
413	699
319	806
137	1294
390	551
345	985
391	1365
394	607
431	589
396	507
139	747
57	1374
445	886
443	975
288	1159
296	603
430	1338
432	883
389	697
152	673
84	1284
454	958
19	701
118	1019
336	1334
8	656
182	1460
112	914
252	743
32	601
407	1457
223	847
76	1150
359	1106
94	621
216	1288
331	766
428	1175
360	1294
421	844
478	1358
162	635
192	863
247	1078
305	584
83	1281
380	1265
191	525
314	534
337	1186
329	835
332	647
499	554
446	574
445	1184
440	775
51	674
200	889
443	1077
432	1292
138	1235
274	970
40	515
53	570
33	544
219	1458
116	1483
266	1458
485	632
160	846
63	1054
485	1306
375	1457
123	813
148	830
384	820
291	1126
37	721
369	910
148	1255
299	973
118	1450
381	846
174	721
326	572
413	931
201	1296
328	618
161	1021
454	1049
45	1335
14	1477
231	1074
81	792
249	614
405	708
436	956
93	810
356	851
360	1051
433	942
64	749
103	1336
110	730
394	1035
234	1042
122	1421
489	580
399	1317
34	1015
334	1199
66	686
224	819
442	1480
116	825
159	1272
444	974
457	1196
459	1191
383	890
355	1004
130	842
452	915
436	1162
379	805
222	1408
49	837
33	594
226	1176
140	1128
226	1499
440	1239
213	1470
497	1378
212	1294
271	1227
254	991
185	1153
163	1266
252	1425
194	732
60	1039
215	739
348	754
242	1280
386	820
25	1264
239	929
412	962
364	1106
495	560
260	640
497	585
174	635
32	1431
50	1452
227	1324
77	1144
296	850
292	931
383	616
282	950
33	675
17	770
270	1129
350	629
196	700
106	948
77	1133
102	1457
200	1003
232	1164
265	874
64	1486
271	791
109	1095
273	758
138	1412
473	1206
37	1227
425	1451
310	628
138	792
376	1282
82	1209
317	1100
16	589
177	525
169	1031
341	972
136	1051
354	1451
377	1461
400	1035
435	1255
375	630
412	1126
255	1454
394	1097
111	734
341	1336
251	1406
3	1441
65	1006
174	1331
160	519
27	1430
373	702
454	1012
203	1252
149	1400
49	1264
267	1229
58	615
223	1126
110	1249
185	964
285	881
451	1338
316	1285
301	988
223	1163
464	729
401	572
128	828
47	1028
393	901
277	696
262	1121
288	520
129	958
348	775
335	691
241	1247
132	712
164	1214
412	929
330	1430
232	697
283	579
96	1307
104	1043
22	1458
353	1360
262	1114
169	1463
49	807
8	653
419	738
497	1244
147	1030
345	1020
372	1077
153	943
373	1219
332	1051
452	923
144	1110
122	1214
162	1391
211	1380
168	865
161	842
148	1266
109	670
227	681
390	1426
421	766
351	892
129	1294
311	761
298	1400
137	576
87	858
292	1011
305	707
232	1110
200	763
325	1248
485	936
386	1372
269	736
139	577
222	1059
241	1153
486	1150
105	1060
469	641
19	1193
184	656
46	894
357	1343
371	931
464	550
140	550
310	1064
428	1274
113	513
276	834
413	1005
200	996
386	626
317	1069
399	1163
92	573
321	791
345	866
248	1032
444	561
406	963
130	1178
27	531
128	820
19	839
131	603
192	1424
327	1200
200	892
12	1149
254	749
303	1489
441	892
251	895
271	1040
29	724
298	1321
58	1282
310	1341
228	1197
256	1318
443	976
105	1299
454	725
405	1040
384	509
292	848
7	1032
104	612
206	1164
212	1249
68	1309
449	1020
361	804
397	516
85	1303
469	629
457	606
490	1493
65	1493
104	1200
0	899
457	1093
38	1215
163	550
438	580
105	1487
101	784
44	1263
208	792
499	1243
63	975
168	1086
142	842
49	698
347	1430
175	900
181	558
111	1073
415	819
67	1429
490	529
116	1117
126	852
96	1059
189	967
338	1270
43	1463
345	1430
29	1108
39	650
356	747
40	686
490	1396
377	1354
168	1490
286	525
376	879
49	862
80	1368
37	1454
127	543
309	548
65	1150
218	888
183	529
93	585
311	1481
66	980
366	1446
121	749
288	1092
372	1339
358	1235
475	895
449	1497
424	1027
11	1294
271	1130
91	526
88	1472
293	816
160	946
21	1277
83	1200
364	551
45	837
303	1301
128	531
355	1444
491	1169
497	1123
272	624
59	868
455	1316
393	1417
339	528
387	1393
79	1340
422	1428
35	1119
37	1308
421	737
485	1457
420	1088
468	1352
101	1001
127	516
21	1351
403	1360
5	1047
71	1452
48	544
180	778
270	751
256	1155
249	1485
425	1261
430	1124
170	661
98	759
139	806
219	902
366	1239
110	811
402	1122
139	552
187	790
228	1197
35	1210
51	991
358	1152
333	878
186	1343
147	504
214	1123
54	724
428	910
305	664
467	1308
194	594
75	839
436	1243
34	1093
193	655
60	535
86	1414
83	1363
196	833
343	565
136	732
67	763
397	529
420	531
118	691
145	607
476	1016
164	839
252	860
21	750
49	1133
324	1329
453	870
349	1026
199	1195
155	965
177	781
478	1058
259	1256
252	1051
101	583
437	547
167	1110
320	664
252	866
190	1350
311	688
197	1282
333	916
305	952
424	742
116	796
113	767
317	1140
220	952
271	1376
383	968
182	976
70	861
413	888
78	1096
356	1407
139	1277
321	828
335	1272
132	1069
71	1043
82	967
330	1215
31	1145
366	1308
309	1186
412	585
130	1344
288	700
471	1182
134	647
367	1330
211	1054
198	1022
438	530
458	1199
483	575
16	740
353	584
218	815
463	581
96	1445
213	617
174	1109
62	1241
236	633
498	1028
495	653
208	927
413	673
57	1111
405	1102
288	1085
363	670
73	1032
331	1341
259	776
280	1152
268	1275
209	1403
228	1271
354	1310
461	555
454	500
431	1353
470	723
242	1473
262	759
175	1208
46	795
98	1440
2	1466
420	1069
89	1347
20	632
115	938
302	988
185	1083
190	994
34	1319
43	1396
265	874
491	572
277	906
289	1329
96	1083
224	685
494	831
73	1485
107	1367
11	701
364	1173
188	1491
239	690
13	1457
366	845
433	1024
172	1473
198	566
78	825
255	696
393	1121
40	1153
280	574
492	827
182	1350
131	774
253	721
17	520
235	1053
335	551
314	1332
211	666
267	638
222	774
223	1375
321	787
44	1059
151	517
243	1182
398	847
452	989
2	1002
264	1010
101	1443
293	848
173	769
487	1022
316	1009
165	639
77	887
361	1283
135	923
380	802
27	753
3	585
388	678
1	539
488	1227
42	1197
21	500
237	1319
320	1138
379	871
264	1050
492	528
254	1422
37	677
138	1131
79	1452
480	1414
368	506
487	511
143	1069
319	1069
10	1328
334	1285
36	1349
131	1115
131	521
10	1402
472	1019
167	1430
108	871
89	1260
418	999
263	1146
411	1062
327	516
318	969
355	1254
94	747
410	1492
366	774
438	730
423	524
440	840
148	618
214	1461
287	1405
208	1346
141	1269
295	1463
172	609
451	1026
132	707
461	1200
88	759
391	902
292	952
87	985
487	815
486	1109
224	1003
480	761
318	1328
453	1223
462	1108
13	764
486	844
241	958
3	829
19	851
133	543
273	620
81	583
97	1495
247	1440
367	970
29	651
51	739
265	736
412	1391
188	832
344	606
430	1151
470	1494
448	1214
54	757
325	1308
119	566
141	770
453	1388
82	522
456	505
116	724
457	670
439	558
330	1127
464	915
308	1224
406	1202
482	1004
481	586
495	1408
449	709
390	1217
75	1342
16	1447
214	1491
266	668
471	1193
242	657
439	590
251	850
151	931
240	1299
337	802
492	1226
148	1261
52	820
336	507
407	592
376	1419
60	509
225	556
74	1087
362	1221
162	835
326	784
295	740
323	751
142	982
498	994
19	691
179	1155
226	1362
349	1479
435	1491
228	1231
435	1106
194	1426
153	1115
303	790
497	830
413	781
48	594
388	980
162	1164
465	1399
436	1401
270	1039
438	845
484	577
393	990
451	1184
355	1367
465	1288
144	1133
146	587
497	1470
191	700
92	946
340	653
184	994
192	822
148	752
486	1043
289	853
112	1346
184	1173
58	1175
312	1154
28	1026
44	1101
301	1126
455	738
372	1174
148	1431
132	1174
63	651
215	1097
396	717
290	1414
434	1323
328	577
163	1127
440	1166
110	1469
43	699
322	1358
74	1134
396	987
59	633
346	1396
172	514
471	1366
474	1188
188	1267
200	515
96	1382
441	1226
214	1177
179	994
31	1089
472	1262
158	678
141	1177
396	1389
41	845
126	768
450	647
371	690
270	535
345	1053
69	1085
195	1429
78	567
460	1379
484	1445
121	1469
346	539
314	568
131	542
31	650
216	698
258	1165
284	1246
119	1016
336	653
189	1327
487	742
101	1467
418	609
104	1256
250	565
102	882
154	1450
118	821
353	1367
440	967
134	1236
487	1264
195	625
190	1349
46	982
337	1123
312	739
20	685
50	758
381	789
248	1232
412	820
357	1480
86	1319
130	1019
19	1233
168	950
311	1410
403	931
25	1326
234	986
134	682
327	965
498	1296
455	720
146	658
432	973
366	635
29	1407
157	1082
272	727
246	1497
310	1308
370	1486
454	585
7	1488
150	500
208	1130
18	1206
51	614
115	673
83	725
376	1029
442	1436
115	1274
62	572
166	1457
119	672
91	546
476	1024
468	977
65	799
37	1328
143	1404
476	645
425	1390
246	670
40	781
336	673
196	1235
327	610
317	1244
493	1048
225	1494
126	701
252	568
10	1407
392	1419
329	1097
286	1427
433	619
476	1395
155	1302
486	531
436	780
301	1342
158	909
333	1348
72	587
437	727
285	898
410	1293
90	1279
303	719
483	1346
173	539
410	623
173	1252
225	614
101	834
480	642
204	1011
13	1349
159	982
325	1041
232	624
488	888
147	865
286	538
203	560
424	886
85	1168
4	565
234	520
18	1258
477	1190
383	1034
419	1336
485	767
351	1388
371	1136
132	633
126	830
164	555
496	1371
192	803
130	1387
224	764
285	1273
381	1027
13	911
461	1485
241	536
438	1393
233	884
459	514
241	1488
278	1357
105	1331
316	608
305	1140
288	1090
324	1237
17	968
332	1247
218	1452
464	932
110	974
7	1095
268	640
5	777
142	806
224	983
117	760
20	733
383	852
490	584
276	858
310	635
42	1045
385	663
244	1159
378	1275
276	524
308	846
93	561
271	604
414	1264
332	1404
228	627
444	642
465	565
139	1252
187	610
418	939
86	558
126	634
476	1279
127	651
314	1104
383	1181
62	561
491	574
3	744
391	1315
260	1268
356	723
9	588
402	1202
394	1438
84	1269
319	1293
82	707
215	1044
180	935
421	519
137	1059
206	1110
2	1178
346	509
263	1188
7	1482
181	732
449	691
364	942
339	792
50	1351
100	1440
155	624
417	1370
462	832
91	1406
333	581
466	1143
33	653
205	1032
181	785
93	762
461	799
486	1186
43	620
384	500
192	618
402	1018
279	1323
208	690
333	787
201	1468
400	804
365	701
344	716
405	1046
223	785
300	749
153	971
477	790
13	1467
282	1041
470	560
368	548
199	1195
11	1035
200	1144
222	966
371	810
290	829
491	528
201	844
401	667
7	949
49	994
463	743
155	1494
284	1062
6	1318
489	986
374	588
303	1370
249	557
50	1457
441	1021
409	718
213	924
269	837
379	837
259	683
317	1347
313	1168
28	1427
357	1151
287	538
406	896
8	562
495	1176
302	655
470	786
159	767
204	1108
449	884
323	1351
316	1010
463	1297
177	534
496	688
369	906
39	857
488	1467
339	878
205	896
443	1281
299	950
236	1321
230	1106
135	925
474	1258
353	677
330	840
204	625
194	616
480	1290
216	922
410	958
426	1300
140	1243
249	1338
74	946
410	998
283	1443
461	888
430	1182
167	739
492	1378
97	798
190	688
198	997
251	1437
155	513
198	988
137	782
470	942
8	1115
146	1197
262	811
61	1291
314	1074
494	1122
395	1085
6	839
59	1304
324	660
330	1463
462	1435
197	707
498	999
75	1055
106	743
463	683
127	1406
302	518
496	742
96	1304
452	615
33	595
412	1065
277	1105
391	1072
214	1465
207	1047
273	709
124	588
445	756
365	654
367	738
202	1129
278	1278
71	659
270	713
303	801
100	832
217	738
387	906
384	1272
248	657
411	1356
362	1351
87	1165
145	1367
158	604
17	1466
405	1181
346	1438
36	1374
390	999
216	990
21	597
283	516
203	1250
443	1131
28	682
360	879
233	776
192	1474
351	812
172	1369
168	1048
376	978
304	944
248	1430
161	741
439	802
22	1150
320	585
425	646
427	1002
394	1207
344	932
324	1390
262	1362
216	1309
168	745
55	1417
239	1114
450	1005
124	571
128	964
336	568
138	689
498	1461
489	954
105	928
99	1210
429	1245
240	1044
494	803
193	1462
413	981
54	1264
114	1195
64	1004
226	978
485	960
51	972
357	1066
192	1041
28	1007
476	1101
101	518
352	825
373	1486
426	1165
495	619
230	1449
456	1288
243	924
16	655
476	763
11	1353
294	944
381	769
345	908
469	1498
215	566
492	587
51	1072
154	1046
43	731
161	1462
180	578
376	706
248	1433
2	1420
485	704
132	1416
256	815
16	1139
461	878
248	1105
237	1187
34	547
300	1140
424	582
0	1472
268	860
362	1024
281	1004
13	863
396	1165
12	1236
106	640
145	700
189	848
218	804
152	875
398	845
336	1479
492	556
437	672
474	1065
250	967
344	1099
146	946
190	1204
239	1073
55	691
335	552
347	1155
80	619
209	630
287	851
305	904
146	960
29	1077
478	1057
135	1163
354	570
212	1452
232	825
333	1370
342	808
53	786
300	779
217	1065
395	1202
310	688
172	952
267	916
272	841
348	815
113	1331
250	921
214	689
253	990
493	968
147	539
23	920
224	1362
122	1367
491	790
249	599
169	1253
451	1105
362	577
130	1290
63	589
67	886
406	757
54	1424
256	1056
102	1495
378	730
460	513
26	1374
252	1351
321	567
183	533
323	1345
242	621
128	940
410	1071
245	550
215	1101
362	1382
17	1054
440	857
111	1319
315	641
181	1150
238	1132
274	569
439	1146
300	1176
436	779
101	831
386	867
375	1088
309	1037
212	791
21	1065
111	1386
7	1144
227	1406
419	727
164	1018
170	786
349	730
446	694
35	1121
169	1469
111	958
180	742
279	1166
46	698
240	890
33	1153
290	1354
323	1130
218	1272
86	540
76	1339
2	1070
271	733
223	936
38	604
167	975
107	1255
349	1426
415	1086
261	849
378	1401
21	847
155	868
216	675
443	748
21	1304
127	1029
236	1287
156	1233
469	549
191	982
175	1312
12	1379
219	1468
283	877
52	1090
105	587
425	1217
280	910
409	709
5	976
251	755
56	611
288	551
252	1459
363	813
248	1452
280	995
305	1023
423	559
387	1347
203	1172
420	1410
484	1473
164	886
72	910
34	670
251	1217
237	1375
191	1276
372	1281
353	502
97	1027
280	1346
116	795
345	1243
153	871
207	1107
95	1225
334	1490
307	1221
498	630
90	616
204	942
411	789
434	915
462	526
67	1032
150	759
166	1042
442	1351
185	873
478	1426
413	534
43	725
230	572
412	1213
410	1072
191	1432
379	688
48	1162
419	947
281	549
352	853
358	1212
246	917
488	771
159	823
399	879
299	1335
321	1132
402	1480
213	1127
384	715
472	569
141	557
324	553
48	1120
212	1047
436	1100
350	1190
383	1017
137	1189
313	939
385	522
365	1495
251	634
22	694
423	542
410	996
460	566
80	1071
234	933
430	938
204	1128
215	1483
196	702
358	898
39	677
470	1255
263	859
163	1222
170	1088
314	942
317	958
60	1230
484	558
267	511
322	596
215	1402
325	629
167	1436
297	1194
364	1182
330	1371
297	945
261	639
433	1305
302	952
269	963
427	635
303	792
199	1027
140	1497
42	822
56	995
455	680
389	511
399	1019
123	1352
476	852
0	534
176	1148
386	735
259	1484
4	533
371	698
421	542
245	811
1	823
235	784
193	928
94	526
258	1026
232	1160
122	812
236	776
139	1354
174	739
93	562
162	1183
230	733
308	1482
73	1499
27	1353
157	537
244	712
160	623
295	591
221	955
274	1205
482	1182
259	753
80	1254
207	622
10	1015
390	1477
356	1470
8	1134
466	774
115	1214
171	1279
142	1305
122	1455
232	797
207	1079
142	571
447	855
298	1479
54	558
59	899
127	864
455	673
216	1248
61	1460
160	740
280	820
246	857
93	1390
334	743
380	1131
162	1380
103	975
3	792
54	1115
360	1270
17	848
234	1035
499	1142
412	1187
199	1020
1	1463
145	1472
227	1088
331	832
226	984
329	1462
216	685
216	1162
115	582
141	914
177	537
167	1466
326	1472
418	769
296	1295
247	1484
164	1378
466	599
239	874
272	700
108	1349
219	609
468	563
94	874
93	739
182	1106
11	1351
312	1245
117	1254
112	637
67	988
203	1225
344	1214
35	1261
437	539
246	674
13	1417
302	658
399	1469
294	1077
86	1252
23	1023
263	513
22	1216
193	959
356	975
496	860
438	1169
47	1174
213	910
392	1410
352	708
147	1167
125	529
408	1142
333	1433
195	1392
78	1484
423	837
299	1234
282	1275
299	1349
279	705
23	895
28	1359
82	1386
94	653
445	938
482	1215
347	795
478	1248
323	1023
213	760
292	1418
391	609
376	510
148	870
91	1105
7	786
180	982
336	1444
227	1180
84	1353
241	848
458	1306
168	746
461	1276
240	1325
494	589
238	753
416	1296
135	1401
117	500
125	1059
271	1356
359	608
0	609
137	936
215	847
50	678
324	1051
396	711
492	687
310	1430
440	1298
333	535
170	502
155	1445
225	1379
418	1444
383	1428
439	1398
327	711
240	1202
25	1308
138	1087
93	917
130	623
24	1303
22	522
119	1290
179	1319
437	1179
381	649
484	788
104	1095
230	798
58	527
332	715
54	1442
250	581
202	1059
127	1468
69	834
496	958
272	600
7	1009
29	789
436	1081
420	1020
284	943
59	899
246	1311
58	1061
289	1367
469	1285
453	1258
488	1074
349	851
454	1187
113	1391
122	1452
348	1236
385	647
264	1476
459	1356
414	1109
151	1485
15	1386
70	562
414	1122
149	1033
280	1021
13	508
75	537
123	1329
267	1392
194	874
153	645
208	733
462	1103
314	1280
207	961
112	1162
492	783
208	934
164	1323
64	1415
343	1217
434	1302
475	1310
202	1284
67	1197
178	1151
309	603
265	1415
213	1376
100	529
316	1201
37	1118
358	628
401	522
166	625
147	591
224	695
20	870
156	508
412	1263
6	1137
478	777
322	1223
96	1211
157	849
21	1485
105	1425
8	858
491	676
341	1461
273	672
66	1409
108	887
269	1261
374	510
7	738
248	526
471	1427
183	663
104	674
337	917
299	965
178	1229
342	898
68	841
64	1272
238	1025
139	908
38	1144
135	570
364	1474
335	755
40	815
399	1183
359	680
276	518
268	781
213	1256
19	582
464	709
290	957
147	718
19	1339
355	1074
299	1316
391	596
304	1331
22	505
250	982
381	1008
408	1433
19	1002
130	648
271	1402
269	1436
406	903
232	808
36	892
209	787
35	843
421	584
105	760
398	1020
289	1137
28	1178
55	1467
221	530
134	554
88	1197
7	737
123	589
432	684
317	1388
0	574
88	741
107	1359
314	550
255	1260
83	979
379	829
97	627
340	703
385	1336
406	657
233	1281
399	677
347	803
284	534
419	1433
206	826
299	695
14	1476
19	559
457	1486
370	883
126	1105
161	765
325	660
176	520
318	978
154	889
417	749
430	1166
58	1160
85	1181
419	844
155	1443
244	515
96	1294
326	676
294	636
137	1401
447	639
284	556
174	859
399	742
131	1352
191	883
355	706
199	682
387	1400
332	1049
64	508
481	1268
125	599
457	834
7	607
104	882
366	554
316	609
5	1288
187	1369
453	799
307	946
493	1256
130	1077
395	654
15	1446
84	813
391	1250
340	567
34	886
483	1121
240	511
299	964
107	1007
204	1203
323	1351
363	870
230	527
129	569
495	873
279	825
493	1214
101	616
19	1212
383	874
61	1094
353	1200
339	1367
11	624
321	1133
209	1015
267	1382
126	670
346	975
107	679
35	1090
36	886
448	560
133	679
325	885
191	1357
223	715
366	547
466	1209
190	977
113	1040
473	946
142	734
222	981
132	682
101	521
88	1433
333	917
43	813
255	698
338	994
495	852
367	912
473	791
260	1297
107	808
269	1175
209	1086
200	897
168	713
457	625
14	790
209	733
492	1378
378	778
158	983
433	509
455	1276
110	920
33	971
381	1457
404	1134
470	1348
252	692
417	1448
457	620
494	1146
499	1057
423	641
80	630
62	1330
319	1378
236	1149
417	957
72	1449
154	1282
60	1400
8	1351
181	962
52	743
204	1186
133	1252
273	991
106	1133
94	569
143	704
418	1267
313	1443
158	1138
293	1220
233	1352
147	1058
294	1288
169	630
165	1482
287	736
257	512
477	1168
349	597
54	685
425	884
50	1322
309	1403
236	878
45	1212
69	1220
418	533
113	1013
152	553
121	563
122	1160
109	744
19	1059
336	1389
93	626
127	1098
85	1348
471	1169
90	921
258	1202
460	869
432	1023
405	1108
151	731
210	962
368	1056
453	1011
3	713
273	571
56	1108
120	752
200	592
452	814
475	1411
180	972
304	678
87	881
33	940
155	820
194	1406
119	937
102	1479
150	1033
284	1017
363	1030
60	652
328	697
378	581
490	1165
257	1467
273	519
356	1490
263	1039
363	1113
171	692
468	830
281	1121
234	1055
312	680
207	1257
31	1043
34	683
72	518
278	1293
247	507
489	1029
155	1442
380	1171
129	1168
262	1340
484	947
76	633
169	1194
63	513
278	592
213	1316
388	1464
252	661
459	1143
418	632
478	613
292	1333
162	882
381	1278
413	1376
47	1169
256	1165
208	771
259	944
58	978
399	561
291	658
5	1281
18	549
267	1155
242	1293
394	614
337	681
254	839
81	1319
333	560
275	1220
18	692
474	1265
90	582
275	1117
419	761
470	880
128	739
234	774
491	830
268	1122
35	942
72	1206
217	1025
220	933
127	1162
116	777
22	1306
367	1195
452	1309
392	537
498	1214
436	515
27	727
93	1433
14	1425
357	737
270	522
72	900
490	959
487	1310
209	1172
367	615
230	1125
343	931
197	1134
371	1431
342	524
269	1085
456	1402
400	752
402	710
114	1388
417	1215
10	878
117	1319
74	875
447	1384
77	1087
417	768
33	631
175	943
249	1469
476	841
313	1398
249	1072
16	792
324	756
405	1072
496	508
262	903
322	535
348	1212
71	901
309	1453
409	767
78	974
293	812
47	948
127	1089
165	1106
35	1323
423	1410
99	972
11	898
101	1462
131	1154
214	644
163	1237
197	891
17	1467
434	1231
86	1150
204	579
310	1184
238	1441
290	1499
84	1404
424	1464
364	1390
390	701
394	897
193	1249
109	1384
282	632
488	589
53	1208
112	749
222	1105
115	661
268	1162
114	1039
261	566
271	851
455	1274
371	1203
85	904
238	839
278	510
486	546
431	515
430	555
302	1163
59	562
408	1021
227	1118
124	1427
176	970
129	1290
169	1373
36	1327
407	547
237	637
437	1214
68	1491
61	569
480	1371
238	1175
433	559
118	963
166	1064
293	973
469	1231
360	1490
408	1201
268	974
333	1239
341	542
237	1097
112	784
319	744
490	1392
245	1227
385	1420
284	950
225	968
75	1366
302	778
314	931
124	1495
196	1179
315	1342
357	957
291	575
497	1164
202	1345
216	839
194	551
412	1081
260	849
369	1045
380	1221
354	1271
298	1434
259	629
91	1248
410	507
281	1472
280	1224
421	838
346	1265
84	1169
344	638
313	529
99	573
441	863
4	795
267	1157
72	819
305	1255
276	1073
311	1349
158	1168
456	547
381	1281
364	1111
52	1488
326	693
291	810
281	1350
25	919
108	1213
70	722
478	1412
483	1487
398	1287
124	802
153	963
226	1402
166	1072
110	829
262	803
470	948
53	1463
371	608
29	1436
320	1084
67	751
391	507
376	1487
487	1179
384	876
387	535
316	1290
193	506
110	1249
291	1235
443	1233
315	1399
456	1329
477	886
309	697
450	1208
406	1436
239	817
74	656
210	1466
113	1485
132	827
469	1289
173	884
336	609
430	990
211	1172
54	1097
405	883
51	1368
149	886
270	1284
276	592
468	1395
47	1129
220	1071
415	759
204	955
17	655
184	1350
326	893
167	1419
268	621
434	920
205	1155
190	1172
428	1193
204	1086
296	1408
272	1388
362	1463
353	613
162	847
133	1068
489	1037
132	680
215	1179
342	636
260	856
126	726
466	553
368	579
76	1097
47	1344
81	697
59	929
37	1221
182	596
453	965
172	583
49	517
431	1414
137	1264
187	754
448	708
497	971
103	1057
283	1052
406	1463
393	1170
397	898
465	975
25	886
93	644
424	1216
462	829
143	1331
245	908
187	1294
149	1345
3	1102
8	572
458	659
341	510
58	890
190	738
443	1333
482	1387
317	1021
1	993
185	657
320	943
253	843
350	634
18	643
328	1141
423	841
234	1021
50	1059
247	843
82	1314
415	1207
254	710
216	1264
184	681
180	1233
383	615
147	1015
296	768
126	733
55	1042
54	1001
86	645
13	749
449	604
234	690
138	849
381	901
229	880
264	522
25	1070
225	1292
385	1257
470	1483
132	647
175	816
336	962
73	1112
412	1435
218	743
271	1484
413	1453
321	891
162	732
291	840
227	734
355	1458
134	679
89	1403
105	782
203	569
57	1020
486	1241
370	1450
163	868
152	1405
307	1169
250	570
113	1468
149	882
163	988
336	1208
415	1340
22	971
363	599
440	1236
301	1148
163	1300
302	964
111	1489
364	1127
72	673
267	1107
161	1037
461	834
227	724
270	630
209	1321
400	845
449	554
104	1430
352	1202
455	741
196	993
474	594
214	1156
346	954
334	1379
156	663
242	1174
480	1319
76	1004
277	732
237	1104
320	1399
387	612
424	1089
242	1471
444	927
297	610
426	1353
41	1041
419	938
168	867
271	1313
117	652
275	1431
102	1263
236	927
83	1071
480	637
296	1364
460	1195
201	909
439	1228
278	891
285	849
218	856
162	1048
72	856
324	1085
411	758
396	1199
492	517
369	769
321	1306
94	560
343	557
315	858
292	1355
